H3A_Al_0_2,H3A_Ca_0_2,H3A_Fe_0_2,H3A_K_0_2,H3A_Mg_0_2,H3A_P_0_2,H3A_Al_2_6,H3A_Ca_2_6,H3A_Fe_2_6,H3A_K_2_6,H3A_Mg_2_6,H3A_P_2_6,TOC_0_2,IC_0_2,TN_0_2,TOC_2_6,IC_2_6,TN_2_6,Zone_1,Zone_2,Zone_3,Zone_4,PhosphorusTreatment
117.3840027,1570.5,14.28929996,142.6880035,107.4840012,138.7879944,116.1709976,1547.530029,16.74150085,86.60800171,91.53369904,74.47480011,210.3930054,52.97230148,28.42429924,184.8630066,73.55639648,24.78899956,1,0,0,0,0.0
75.33969879,1790.310059,6.335070133,148.2799988,104.1279984,50.59289932,70.97059631,1681.890015,6.66865015,93.21320343,92.39849854,20.47820091,211.3500061,61.78079987,31.49370003,193.7810059,83.68280029,27.19280052,0,1,0,0,0.0
108.3349991,1608.390015,12.51550007,123.4499969,117.1060028,124.25,112.2730026,1551.849976,14.46660042,84.93219757,110.427002,84.09359741,202.6139984,47.92689896,26.11930084,195.5130005,60.97800064,22.65690041,0,0,1,0,0.0
74.04299927,1805.540039,6.2572999,158.3170013,110.322998,62.99250031,67.66609955,1682.119995,6.161930084,93.96179962,94.09980011,29.20070076,210.4960022,57.11100006,29.85140038,190.9060059,74.65309906,25.80890083,1,0,0,0,0.0
140.548996,1394.300049,20.95389938,145.7200012,112.4319992,217.253006,149.1999969,1512.849976,27.53179932,86.93250275,106.8669968,139.348999,207.7259979,43.03559875,35.82899857,197.0269928,57.75139999,26.07220078,0,1,0,0,0.0
143.0440063,1375.380005,21.9932003,151.4589996,112.2969971,230.8390045,152.5249939,1511.310059,28.47170067,86.95500183,106.7350006,142.3939972,208.3309937,42.31259918,39.28129959,200.9609985,57.44179916,27.57019997,0,0,1,0,0.0
113.6259995,1570.540039,13.60540009,126.3150024,116.0110016,133.7050018,118.7050018,1549.109985,17.08839989,85.04789734,110.1470032,93.33329773,202.4499969,47.76290131,26.68720055,191.1869965,60.97869873,22.3239994,1,0,0,0,0.0
75.3730011,1789.150024,6.332960129,148.0269928,104.1139984,50.55720139,71.07569885,1682.01001,6.679059982,93.21569824,92.40149689,20.39010048,211.3609924,61.87020111,31.58060074,193.7510071,83.7559967,27.23069954,0,1,0,0,0.0
75.5951004,1783.329956,6.437419891,148.5780029,105.8450012,54.64490128,70.36560059,1680.290039,6.554500103,93.13780212,92.3710022,22.41020012,211.3070068,61.01699829,30.75289917,191.4790039,81.5667038,26.88400078,1,0,0,0,0.0
74.15319824,1798.040039,6.258510113,157.3480072,109.7770004,63.55939865,68.59159851,1682.869995,6.29226017,93.99189758,94.13569641,28.10569954,210.4880066,57.26800156,30.45280075,191.0859985,75.63349915,26.07180023,1,0,0,0,0.0
122.0029984,1513.52002,15.70940018,132.4429932,114.7399979,149.7480011,128.6660004,1533.119995,20.47459984,85.91929626,108.9079971,107.4260025,206.677002,46.81779861,27.51049995,189.0339966,60.09030151,22.83909988,1,0,0,0,0.0
73.51629639,1820.670044,6.140530109,160.5010071,111.2340012,63.4681015,67.8431015,1682.52002,6.078410149,94.06770325,94.23590088,32.24670029,210.3789978,56.09370041,29.88400078,191.7859955,72.22660065,25.68460083,0,0,1,0,0.0
102.3769989,1596.060059,12.48649979,134.5670013,115.0770035,103.6100006,114.0680008,1534.939941,18.40519905,86.12950134,109.0479965,103.2740021,206.272995,49.74079895,26.61389923,183.3809967,61.04230118,22.10619926,1,0,0,0,0.0
73.53430176,1819.209961,6.140860081,160.3309937,111.1940002,63.59360123,68.08599854,1682.719971,6.103980064,94.07659912,94.25270081,32.19290161,210.3800049,56.11640167,30.04980087,191.7960052,72.29799652,25.73500061,1,0,0,0,0.0
134.5399933,1432.199951,19.39850044,141.7279968,112.75,198.8569946,142.8289948,1515.079956,25.52070045,86.90589905,107.0299988,131.3860016,207.4049988,44.02190018,33.54990005,195.798996,58.26100159,25.16740036,1,0,0,0,0.0
100.7060013,1666.819946,11.1885004,132.1040039,115.9319992,108.6019974,104.6419983,1589.47998,11.83010006,88.75240326,110.3820038,73.98560333,193.0010071,46.74919891,26.20820045,196.9620056,61.4233017,23.81520081,0,0,1,0,0.0
75.00839996,1799.180054,6.433310032,151.9400024,107.6559982,56.17340088,68.53820038,1677.689941,6.29956007,93.10299683,92.30130005,26.39690018,211.1719971,59.50370026,29.69689941,192.3269958,78.09670258,26.4477005,0,0,0,1,0.0
81.3730011,1782.410034,7.555490017,150.2720032,116.0070038,76.14990234,77.16339874,1668.109985,7.776010036,90.91719818,98.08709717,46.71879959,208.9340057,52.96849823,28.55139923,196.0460052,67.39160156,25.46100044,0,0,1,0,0.0
135.6929932,1425.810059,19.63050079,142.1600037,112.7289963,201.5410004,143.8800049,1514.810059,25.77470016,86.91059875,107.0149994,132.0509949,207.4199982,43.90639877,33.68759918,195.6080017,58.24860001,25.21299934,1,0,0,0,0.0
74.06109619,1806.420044,6.27008009,158.4219971,110.3840027,62.7378006,67.25720215,1681.75,6.124680042,93.93430328,94.06479645,29.17740059,210.5160065,57.1841011,29.61919975,190.7460022,74.63310242,25.72400093,1,0,0,0,0.0
136.7630005,1415.709961,20.10009956,143.5059967,112.5130005,206.7330017,145.5460052,1513.849976,26.69580078,86.91889954,106.9300003,137.1260071,207.5749969,43.5177002,34.76549911,196.7720032,57.85210037,25.65559959,1,0,0,0,0.0
75.37680054,1783.26001,6.240650177,145.6889954,103.461998,48.78850174,72.34860229,1684.040039,6.800449848,93.30960083,92.44599915,19.50300026,211.4830017,62.92959976,32.88339996,195.5070038,84.80310059,27.83429909,0,1,0,0,0.0
75.57910156,1786.839966,6.658750057,152.1549988,108.1169968,57.35660172,67.67359924,1676.26001,6.268159866,92.91010284,92.18890381,24.75769997,211.4409943,60.32970047,28.66539955,188.5169983,78.93270111,25.67160034,1,0,0,0,0.0
115.4789963,1561.540039,13.99890041,127.1050034,116.0719986,138.8480072,120.1520004,1548.76001,17.32449913,85.04029846,110.1409988,93.68779755,202.5130005,47.53319931,27.0991993,191.3869934,61.03559875,22.47739983,1,0,0,0,0.0
74.61849976,1801.72998,6.504380226,157.7700043,109.3030014,58.69869995,64.27050018,1694.0,5.951739788,94.06590271,93.24839783,26.33950043,212.3059998,59.69639969,28.06049919,189.3840027,77.16139984,25.05789948,1,0,0,0,0.0
101.8659973,1666.01001,11.23029995,129.1970062,113.4349976,110.5930023,103.6660004,1650.0,13.46329975,90.626297,110.6360016,71.25240326,195.8179932,50.56999969,26.02400017,190.7949982,63.23759842,23.20120049,0,1,0,0,0.0
113.0660019,1549.790039,14.17780018,133.3919983,114.8320007,125.9749985,122.3059998,1533.719971,19.62210083,86.04689789,108.9560013,105.7959976,206.3630066,48.26549911,26.76729965,184.9960022,60.54330063,22.29509926,1,0,0,0,0.0
75.20189667,1794.040039,6.392590046,150.0829926,105.913002,53.6269989,69.83460236,1679.810059,6.490970135,93.16040039,92.35679626,23.42930031,211.2510071,60.58890152,30.58069992,192.951004,80.87879944,26.82320023,1,0,0,0,0.0
73.03379822,1832.459961,6.031939983,162.5059967,112.0199966,64.17639923,68.76159668,1683.540039,6.070640087,94.20469666,94.4272995,35.03760147,210.2660065,55.12139893,30.34289932,192.6269989,70.07099915,25.64970016,0,1,0,0,0.0
137.8079987,1410.079956,20.3132,143.9810028,112.5049973,209.3249969,146.4920044,1513.640015,26.88349915,86.92259979,106.9189987,137.4420013,207.5980072,43.41149902,34.94540024,196.6840057,57.85419846,25.72260094,0,1,0,0,0.0
75.37400055,1789.119995,6.331820011,148.0,104.0889969,50.50350189,71.09269714,1682.040039,6.681570053,93.21669769,92.40209961,20.35230064,211.3619995,61.88850021,31.59550095,193.7700043,83.79360199,27.23690033,0,1,0,0,0.0
75.44300079,1783.52002,6.275559902,146.2230072,103.6729965,49.62599945,72.02539825,1683.410034,6.77052021,93.27420044,92.43759918,19.69300079,211.4360046,62.58300018,32.47990036,194.6230011,84.52010345,27.65519905,0,1,0,0,0.0
102.1949997,1649.02002,11.29699993,118.2590027,118.2539978,110.1800003,103.7860031,1555.069946,12.06620026,84.74479675,110.7990036,76.82769775,202.8639984,48.02830124,25.22660065,203.0679932,60.9905014,23.54210091,0,1,0,0,0.0
73.36380005,1766.349976,7.195700169,153.7310028,115.0970001,64.39820099,71.34459686,1668.27002,7.459569931,93.54499817,96.75489807,34.18780136,208.1730042,58.07519913,28.4822998,186.8390045,76.08149719,24.60479927,0,0,0,1,0.0
137.845993,1409.469971,20.3458004,144.0899963,112.4860001,209.6670074,146.5930023,1513.560059,26.9571991,86.9233017,106.9110031,137.8820038,207.6119995,43.3810997,35.04230118,196.8070068,57.81719971,25.76339912,0,1,0,0,0.0
141.4859924,1377.469971,22.3484993,155.2290039,112.2409973,232.8659973,152.2799988,1510.790039,28.66519928,86.99549866,106.6559982,143.2290039,208.845993,41.91719818,41.36660004,206.5249939,57.1405983,29.0291996,0,0,1,0,0.0
74.03240204,1812.040039,6.338180065,159.7129974,110.7070007,61.31969833,63.2677002,1678.280029,5.820320129,93.66400146,93.72869873,28.81069946,210.7279968,57.81710052,28.1060009,189.8609924,74.67040253,25.05830002,0,0,0,1,0.0
73.45469666,1824.060059,6.130489826,160.8739929,111.3330002,63.29809952,67.42060089,1682.180054,6.032179832,94.05819702,94.21230316,32.48730087,210.3630066,55.9856987,29.58930016,191.8509979,71.98349762,25.60079956,0,0,1,0,0.0
75.44100189,1787.390015,6.421949863,149.2059937,105.8830032,54.19210052,70.08049774,1680.040039,6.525559902,93.14019775,92.35759735,22.73489952,211.2980042,60.89849854,30.66679955,192.0209961,81.33650208,26.83749962,1,0,0,0,0.0
97.94879913,1686.280029,10.73379993,138.0890045,115.7610016,104.8519974,100.0910034,1652.930054,11.59799957,91.48370361,111.0090027,67.97480011,197.1719971,48.47190094,27.15789986,196.6860046,63.26879883,23.52669907,0,0,1,0,0.0
114.1679993,1570.619995,14.68120003,148.9960022,106.9680023,141.6309967,117.5650024,1641.51001,17.54560089,93.67150116,100.461998,79.32800293,222.5039978,53.18170166,33.73720169,194.7579956,72.41230011,27.13800049,0,1,0,0,0.0
85.59059906,1745.199951,8.363019943,137.1360016,115.1620026,84.16439819,87.72399902,1761.98999,9.665699959,94.82119751,111.3759995,58.50450134,199.0010071,51.33950043,27.30260086,196.0429993,64.0196991,23.82979965,0,0,1,0,0.0
75.44110107,1786.23999,6.316669941,147.2409973,103.9540024,50.25619888,71.4611969,1682.530029,6.717850208,93.23310089,92.41560364,20.05579948,211.3899994,62.16220093,31.91119957,193.8930054,84.08429718,27.38389969,0,1,0,0,0.0
100.4280014,1627.160034,11.39490032,148.2980042,107.7529984,112.9380035,96.98750305,1622.550049,14.3416996,90.97619629,92.49500275,71.7684021,210.1080017,53.79270172,28.7227993,185.9929962,69.38079834,24.46120071,1,0,0,0,0.0
114.6350021,1566.030029,13.82089996,126.7320023,116.0820007,136.6690063,119.4280014,1548.969971,17.15559959,85.03959656,110.1520004,93.27220154,202.4949951,47.62170029,26.9260006,191.4440002,61.01449966,22.43000031,1,0,0,0,0.0
147.8609924,1362.579956,21.51370049,151.7899933,112.6100006,237.470993,153.7299957,1511.400024,27.66279984,86.87519836,106.8119965,135.7720032,208.227005,43.07789993,38.36660004,192.0440063,58.67229843,25.74790001,1,0,0,0,0.0
75.29019928,1791.530029,6.403930187,149.772995,105.9089966,53.82049942,69.8884964,1679.869995,6.50135994,93.15019989,92.35369873,23.14179993,211.272995,60.7220993,30.60390091,192.5890045,81.06159973,26.81920052,1,0,0,0,0.0
74.02980042,1805.819946,6.25387001,158.3589935,110.3389969,63.01869965,67.68959808,1682.140015,6.162000179,93.96549988,94.10449982,29.26790047,210.4929962,57.08530045,29.86529922,190.9349976,74.60169983,25.81089973,0,0,0,1,0.0
74.64060211,1800.180054,6.538799763,158.1999969,109.3330002,58.65750122,63.97280121,1693.540039,5.940889835,94.0196991,93.20359802,26.08810043,212.3959961,59.917099,27.88220024,189.1690063,77.34809875,24.94479942,1,0,0,0,0.0
114.1259995,1577.060059,13.67720032,126.2740021,117.0510025,137.6419983,117.3619995,1550.439941,15.59399986,84.96779633,110.3420029,86.38310242,202.6640015,47.50500107,27.30319977,193.8899994,61.06110001,22.85320091,1,0,0,0,0.0
73.59339905,1815.180054,6.143360138,159.8159943,111.0279999,63.89009857,68.58599854,1683.119995,6.167650223,94.09010315,94.27980042,31.88920021,210.3860016,56.20669937,30.41329956,191.8280029,72.60379791,25.86389923,1,0,0,0,0.0
133.7779999,1445.22998,18.67300034,139.154007,113.1740036,189.7640076,140.6719971,1516.72998,23.9442997,86.90509796,107.1940002,121.7789993,207.0249939,44.76079941,31.10230064,192.3950043,59.08879852,24.14909935,0,0,0,1,0.0
125.0070038,1503.810059,16.03050041,131.3450012,115.2289963,162.1790009,129.5469971,1545.430054,20.3987999,85.10449982,109.8740005,103.4789963,202.5650024,46.67670059,28.72850037,188.7610016,61.2234993,22.61590004,1,0,0,0,0.0
144.1269989,1397.109985,20.35449982,139.598999,113.1640015,206.798996,148.923996,1515.209961,25.32830048,86.94429779,107.1620026,123.7369995,206.7480011,44.0685997,29.61730003,187.9750061,59.3022995,23.49360085,1,0,0,0,0.0
102.5979996,1645.280029,11.39410019,119.572998,117.9850006,112.197998,105.1880035,1554.47998,12.37989998,84.79740143,110.6999969,77.73419952,202.7940063,48.10110092,25.34140015,201.0700073,60.98669815,23.18099976,0,0,0,1,0.0
141.8359985,1386.609985,21.28790092,146.8789978,112.3909988,221.5639954,150.5540009,1512.420044,27.85339928,86.93710327,106.8349991,140.3390045,207.8280029,42.82400131,36.47779846,197.4880066,57.68289948,26.33510017,0,1,0,0,0.0
113.6380005,1582.859985,13.54710007,126.0090027,117.4729996,136.7740021,116.3160019,1551.170044,14.8817997,84.94850159,110.4260025,83.15190125,202.6959991,47.54610062,27.32979965,194.4909973,61.04959869,22.95610046,1,0,0,0,0.0
75.06479645,1797.609985,6.453619957,152.003006,107.7559967,56.49850082,68.27899933,1677.410034,6.281569958,93.07350159,92.27839661,26.18810081,211.2030029,59.58520126,29.5468998,191.8209991,78.16300201,26.34449959,1,0,0,0,0.0
118.2789993,1547.530029,14.58689976,128.3370056,116.1559982,147.0399933,122.310997,1548.219971,17.72500038,85.02799988,110.125,94.30780029,202.6159973,47.20009995,27.90089989,191.6589966,61.12919998,22.71199989,1,0,0,0,0.0
143.0370026,1379.469971,21.60890007,148.326004,112.3649979,226.0299988,151.8269958,1511.97998,28.11190033,86.94110107,106.8030014,140.9490051,207.9649963,42.61980057,37.28450012,198.1139984,57.64120102,26.6541996,0,1,0,0,0.0
112.1729965,1591.099976,13.24750042,125.2450027,117.5049973,133.0249939,114.9869995,1551.530029,14.55449963,84.9394989,110.4520035,82.47180176,202.6809998,47.65209961,26.96940041,194.9459991,61.0237999,22.92270088,0,0,0,1,0.0
107.8290024,1617.5,12.73120022,139.5859985,112.737999,118.5110016,101.2710037,1503.75,14.75580025,85.09999847,96.23690033,69.61139679,204.7339935,53.58710098,26.16410065,181.2929993,69.74610138,22.16830063,1,0,0,0,0.0
134.8220062,1440.219971,18.83029938,139.2109985,113.1790009,191.279007,141.5,1516.589966,24.08499908,86.91069794,107.1930008,121.901001,206.9889984,44.71300125,30.91939926,191.7969971,59.12960052,24.06329918,1,0,0,0,0.0
102.8450012,1647.329956,11.35309982,116.25,118.5839996,108.7470016,102.9459991,1555.609985,11.95820045,84.66609955,110.9589996,76.51830292,202.9049988,47.80450058,25.07369995,205.1670074,60.99480057,24.1053009,1,0,0,0,0.0
74.30879974,1797.51001,6.310110092,157.1529999,109.8339996,62.8832016,67.92630005,1682.199951,6.235390186,93.93029785,94.06159973,27.73040009,210.5379944,57.55630112,29.98060036,190.5319977,75.85469818,25.92510033,0,0,0,1,0.0
74.3470993,1798.050049,6.328589916,157.2129974,109.9049988,62.59389877,67.5759964,1681.859985,6.202469826,93.9029007,94.0298996,27.70240021,210.5610046,57.6507988,29.75790024,190.3179932,75.84190369,25.83989906,0,0,0,1,0.0
76.63970184,1753.619995,6.278160095,141.1690063,105.6100006,61.29320145,73.25,1683.180054,6.658629894,93.22550201,92.63210297,21.8159008,210.8119965,60.08850098,32.03549957,187.7779999,81.88680267,28.77879906,1,0,0,0,0.0
136.8170013,1430.680054,19.14459991,139.3359985,113.1809998,194.3970032,143.0980072,1516.290039,24.36199951,86.92030334,107.1869965,122.2570038,206.9290009,44.59960175,30.61319923,190.7899933,59.18730164,23.92140007,1,0,0,0,0.0
141.7429962,1376.349976,22.3635006,154.0130005,112.2020035,232.2769928,152.673996,1510.849976,28.77289963,86.98999786,106.6660004,144.1320038,208.6869965,41.88470078,40.79840088,205.7619934,57.04339981,28.8076992,0,0,1,0,0.0
147.4219971,1365.290039,21.76510048,147.6300049,112.560997,231.4089966,154.473999,1512.060059,27.71430016,86.91929626,106.8580017,136.5119934,207.7669983,42.7132988,35.84349823,193.927002,58.25590134,25.78560066,0,0,0,1,0.0
74.96890259,1800.339966,6.421649933,151.9340057,107.6100006,55.9693985,68.69860077,1677.849976,6.309669971,93.12169647,92.31610107,26.58930016,211.1499939,59.43429947,29.78240013,192.6569977,78.0114975,26.50930023,1,0,0,0,0.0
140.2420044,1414.459961,19.71590042,139.5890045,113.1669998,200.3580017,145.8769989,1515.73999,24.85379982,86.93260193,107.1719971,123.1259995,206.8540039,44.34980011,30.21299934,189.4450073,59.23759842,23.74130058,1,0,0,0,0.0
74.50769806,1799.849976,6.558670044,159.7850037,109.5230026,58.78730011,62.95650101,1692.329956,5.878270149,93.92299652,93.1013031,25.96879959,212.5829926,60.20370102,27.52809906,189.1560059,77.38439941,24.71229935,1,0,0,0,0.0
98.8082962,1611.439941,11.94299984,135.0469971,115.1699982,96.69830322,111.2080002,1535.390015,18.01169968,86.15619659,109.0830002,102.4449997,206.2619934,50.24200058,26.5970993,182.9920044,61.21960068,22.05990028,1,0,0,0,0.0
132.2709961,1452.680054,18.44109917,139.0180054,113.1719971,187.5079956,139.4559937,1516.959961,23.71640015,86.89659882,107.1989975,121.5,207.0700073,44.83179855,31.3253994,193.2380066,59.03440094,24.25830078,1,0,0,0,0.0
85.79759979,1740.170044,8.421730042,136.1430054,115.0479965,83.84519958,88.26049805,1761.319946,9.979310036,94.77480316,111.3919983,59.34830093,198.9720001,51.6189003,27.03199959,195.3159943,64.123703,23.6590004,0,0,1,0,0.0
124.9990005,1503.709961,16.02820015,131.3329926,115.2160034,161.8849945,129.5829926,1545.420044,20.41519928,85.10849762,109.8720016,103.5490036,202.552002,46.69020081,28.65909958,188.6329956,61.2154007,22.59440041,0,0,0,1,0.0
74.09290314,1808.51001,6.303959846,158.7649994,110.5189972,62.07799911,65.93319702,1680.560059,6.016389847,93.8423996,93.94960022,29.02350044,210.5859985,57.43180084,28.98679924,190.322998,74.65200043,25.4741993,0,0,0,1,0.0
117.3379974,1552.459961,14.38850021,127.9039993,116.1449966,144.276001,121.5559998,1548.430054,17.55780029,85.03070068,110.1340027,93.97170258,202.5839996,47.30659866,27.61370087,191.621994,61.09680176,22.64039993,1,0,0,0,0.0
74.07319641,1810.180054,6.317249775,159.1119995,110.6090012,61.74309921,64.94789886,1679.709961,5.939939976,93.77739716,93.86840057,28.98040009,210.6360016,57.57049942,28.61230087,190.1269989,74.62329865,25.30789948,0,0,0,1,0.0
72.09390259,1849.410034,5.874629974,168.1260071,112.3209991,65.35710144,70.76830292,1686.589966,6.091289997,94.55280304,94.79219818,36.4455986,210.095993,53.58919907,31.21170044,194.4019928,68.9088974,25.43180084,0,0,0,1,0.0
75.37339783,1790.619995,6.572979927,152.1860046,108.0289993,57.28350067,67.60829926,1676.47998,6.250520229,92.95600128,92.20339966,25.22920036,211.3580017,60.04800034,28.94779968,189.6439972,78.63690186,25.90049934,1,0,0,0,0.0
110.637001,1581.030029,12.75370026,122.262001,115.6320038,127.0309982,115.2689972,1550.410034,16.74889946,85.06580353,110.1159973,93.25630188,202.1730042,48.20830154,25.81959915,190.6239929,60.52199936,21.4864006,0,0,0,1,0.0
75.25939941,1792.819946,6.341350079,148.8829956,104.2809982,50.94340134,70.72280121,1681.540039,6.637420177,93.20829773,92.39330292,20.90629959,211.3190002,61.50030136,31.27960014,193.8280029,83.31439972,27.10899925,0,1,0,0,0.0
110.7509995,1584.800049,12.97869968,124.8929977,115.9550018,126.5390015,116.2779999,1549.800049,16.64819908,85.04949951,110.1660004,92.42780304,202.3690033,48.09420013,26.16300011,191.1399994,60.88290024,22.0897007,1,0,0,0,0.0
87.03440094,1741.900024,8.623820305,146.3470001,115.4100037,90.69499969,84.33370209,1613.209961,9.251409531,86.7519989,100.1780014,56.87110138,214.1589966,51.40919876,27.61059952,199.1829987,64.93209839,23.73789978,0,0,1,0,0.0
140.7109985,1412.670044,19.77179909,139.4589996,113.1819992,200.6750031,146.1829987,1515.72998,24.86569977,86.93589783,107.177002,122.9020004,206.8159943,44.34629822,30.00160027,189.0509949,59.27629852,23.65229988,1,0,0,0,0.0
147.7929993,1362.199951,21.82920074,149.4640045,112.538002,234.8619995,154.8040009,1511.630005,27.84499931,86.91000366,106.8219986,137.0200043,207.9689941,42.67910004,37.0243988,194.0639954,58.28969955,26.00699997,0,0,0,1,0.0
75.45890045,1786.939941,6.425429821,149.1620026,105.9049988,54.28490067,70.08869934,1680.030029,6.525969982,93.13819885,92.35769653,22.72769928,211.298996,60.90100098,30.65850067,191.9309998,81.32990265,26.83340073,1,0,0,0,0.0
102.1709976,1649.160034,11.29249954,118.2060013,118.2580032,110.1029968,103.7340012,1555.089966,12.0625,84.74269867,110.802002,76.83329773,202.8659973,48.0257988,25.22190094,203.1450043,60.99069977,23.55430031,0,0,0,1,0.0
73.3730011,1828.319946,6.107260227,161.2050018,111.4309998,63.17509842,67.01629639,1681.829956,5.989260197,94.0565033,94.19270325,32.83259964,210.322998,55.79449844,29.25569916,192.029007,71.64820099,25.53989983,0,0,0,1,0.0
73.53759766,1819.189941,6.141880035,160.3240051,111.189003,63.57860184,68.06359863,1682.699951,6.10258007,94.07479858,94.25,32.16859818,210.3809967,56.12419891,30.03540039,191.7870026,72.31490326,25.73189926,0,0,1,0,0.0
107.6949997,1616.380005,12.3526001,122.8590012,117.6729965,122.6610031,110.7350006,1552.77002,13.52620029,84.89679718,110.5439987,80.15499878,202.6779938,47.92710114,26.08329964,196.8589935,60.97859955,22.89679909,0,0,0,1,0.0
115.0459976,1571.859985,13.86789989,126.7360001,117.0270004,140.048996,118.1880035,1550.189941,15.81000042,84.97190094,110.3259964,86.88950348,202.677002,47.42919922,27.5394001,193.6730042,61.08190155,22.88470078,1,0,0,0,0.0
133.526001,1437.890015,19.19350052,141.3529968,112.7689972,196.5279999,141.901001,1515.310059,25.28689957,86.90129852,107.0429993,130.7640076,207.3939972,44.12170029,33.43349838,195.9830017,58.27209854,25.12949944,1,0,0,0,0.0
73.45379639,1824.349976,6.130509853,160.8890076,111.3339996,63.26330185,67.34079742,1682.099976,6.025660038,94.05419922,94.20549774,32.47729874,210.3630066,55.98609924,29.53919983,191.8470001,71.98269653,25.58959961,1,0,0,0,0.0
72.59220123,1843.119995,5.96243,165.0469971,112.2289963,64.72730255,69.71640015,1684.790039,6.075510025,94.37680054,94.59770203,36.11940002,210.1199951,54.15510178,30.53350067,193.8170013,69.18969727,25.61709976,0,0,0,1,0.0
73.33850098,1844.599976,5.816249847,160.470993,111.5589981,63.53450012,69.40350342,1683.390015,6.204120159,94.33830261,94.42150116,34.36880112,209.8880005,54.85639954,28.99950027,193.4810028,70.10030365,26.53380013,0,0,0,1,0.0
109.2870026,1590.670044,12.60130024,123.5680008,115.8099976,122.9319992,114.9110031,1550.23999,16.53210068,85.05709839,110.1539993,92.43009949,202.272995,48.31409836,25.83679962,190.7810059,60.74710083,21.80870056,0,0,0,1,0.0
74.02149963,1812.319946,6.33122015,159.6809998,110.7139969,61.37369919,63.41030121,1678.420044,5.828080177,93.67690277,93.74359894,28.89529991,210.7129974,57.76340103,28.1446991,189.9109955,74.60849762,25.07939911,0,0,0,1,0.0
73.415802,1825.920044,6.121240139,161.0549927,111.3840027,63.24829865,67.25240326,1682.040039,6.012859821,94.05799866,94.20549774,32.65269852,210.3480072,55.90269852,29.4564991,191.9250031,71.82810211,25.57049942,0,0,0,1,0.0
116.4940033,1556.609985,14.21189976,127.5350037,116.1110001,141.7779999,120.9209976,1548.579956,17.4496994,85.03510284,110.137001,93.84269714,202.5509949,47.40850067,27.36520004,191.5160065,61.06809998,22.56539917,1,0,0,0,0.0
74.11109924,1798.560059,6.513120174,163.5240021,109.8270035,59.05260086,62.09579849,1690.589966,5.832980156,93.78759766,92.95950317,25.74640083,213.0500031,60.8885994,27.02549934,189.723999,77.53309631,24.37450027,1,0,0,0,0.0
75.41539764,1783.380005,6.258289814,145.9459991,103.5550003,49.18709946,72.19120026,1683.72998,6.786459923,93.29109955,92.44229889,19.57480049,211.4570007,62.75600052,32.67890167,195.0350037,84.68160248,27.74430084,0,1,0,0,0.0
133.6999969,1433.51001,19.42070007,142.0429993,112.5879974,198.878006,142.625,1514.630005,25.92650032,86.9048996,106.9769974,134.923996,207.4989929,43.875,34.12310028,196.9060059,57.93600082,25.41349983,0,0,0,1,0.0
81.83969879,1778.560059,7.712639809,148.2980042,116.1610031,78.39040375,78.08119965,1660.310059,7.84194994,88.91739655,99.47869873,47.90230179,213.7449951,52.84420013,28.23279953,198.1210022,66.39689636,24.80800056,0,0,1,0,0.0
76.67099762,1755.030029,6.311190128,141.7310028,105.6419983,60.81610107,73.14459991,1683.01001,6.670400143,93.21800232,92.61830139,21.7779007,210.8639984,60.21139908,31.84410095,187.5850067,81.91889954,28.48080063,1,0,0,0,0.0
137.1560059,1418.069946,19.90810013,142.6600037,112.7129974,204.8399963,145.1719971,1514.52002,26.04400063,86.91570282,107.0009995,132.6060028,207.4329987,43.77270126,33.81520081,195.3119965,58.25400162,25.25090027,1,0,0,0,0.0
76.10379791,1777.699951,7.053979874,152.5639954,108.5009995,56.59109879,69.35639954,1696.810059,6.397240162,94.11430359,93.4375,23.60720062,212.4259949,61.23429871,27.91799927,185.6410065,79.70069885,24.82550049,1,0,0,0,0.0
73.71959686,1821.400024,6.381969929,162.5829926,111.0189972,60.84090042,55.59960175,1672.390015,5.322949886,93.21060181,93.16179657,28.7507,210.9499969,58.13439941,26.91239929,189.5500031,74.42720032,24.32150078,1,0,0,0,0.0
135.7369995,1435.76001,18.97780037,139.2929993,113.177002,192.7649994,142.2429962,1516.439941,24.22229958,86.9151001,107.189003,122.1179962,206.9649963,44.65779877,30.8003006,191.3569946,59.15209961,24.00639915,0,0,0,1,0.0
115.3649979,1557.02002,14.78859997,137.3190002,110.2360001,139.2250061,118.1579971,1548.030029,17.56649971,90.09870148,105.0019989,81.61319733,202.2799988,50.68740082,30.24990082,182.7799988,69.68699646,24.22270012,1,0,0,0,0.0
139.1569977,1402.170044,20.63380051,144.8110046,112.461998,213.2129974,147.8370056,1513.23999,27.23049927,86.92790222,106.8919983,138.5480042,207.6580048,43.22259903,35.37390137,196.8470001,57.79199982,25.89229965,0,1,0,0,0.0
123.4120026,1507.349976,16.03000069,132.651001,114.7399979,155.2039948,129.7250061,1532.98999,20.63240051,85.89099884,108.8990021,107.9599991,206.7969971,46.48210144,27.91930008,190.3800049,59.99089813,23.07859993,0,0,0,1,0.0
73.98490143,1804.790039,6.232089996,158.2720032,110.2600021,63.41410065,68.23000336,1682.640015,6.212930202,94.00299835,94.15319824,29.35079956,210.4680023,56.96960068,30.2057991,191.1909943,74.59369659,25.92550087,1,0,0,0,0.0
87.17639923,1716.079956,8.933859825,144.3370056,113.5849991,81.5734024,83.62449646,1616.880005,10.67269993,90.19049835,97.68530273,56.67250061,205.3359985,55.57040024,27.19729996,185.6670074,68.86270142,23.53560066,0,1,0,0,0.0
113.0680008,1582.98999,13.45950031,125.7460022,117.0780029,134.9660034,116.4100037,1550.709961,15.35280037,84.96230316,110.3610001,85.82379913,202.651001,47.58919907,27.05220032,194.1600037,61.0401001,22.81959915,1,0,0,0,0.0
72.61489868,1842.680054,5.964270115,164.8880005,112.2269974,64.6882019,69.63819885,1684.680054,6.073880196,94.36419678,94.58560181,36.08860016,210.1289978,54.2132988,30.51569939,193.7319946,69.21510315,25.61459923,0,0,0,1,0.0
125.0179977,1504.77002,16.05190086,131.5449982,115.3730011,164.8930054,129.1629944,1545.530029,20.25020027,85.06909943,109.8929977,102.8280029,202.6920013,46.55619812,29.48629951,189.9629974,61.32180023,22.84020042,1,0,0,0,0.0
96.64199829,1671.449951,10.49349976,119.1490021,117.3550034,106.7310028,101.1829987,1555.219971,12.3295002,84.76370239,110.612999,79.59600067,202.9880066,48.55649948,25.14940071,203.7019958,61.00749969,22.74580002,0,0,0,1,0.0
75.31600189,1794.890015,6.161240101,143.8789978,102.8389969,40.82350159,72.91030121,1685.75,6.835010052,93.39890289,92.39399719,19.03280067,211.7279968,64.89810181,33.45840073,198.6049957,85.67710114,28.0583992,0,1,0,0,0.0
143.2149963,1387.140015,21.02059937,144.8679962,112.6439972,219.1549988,150.5420074,1513.26001,27.03800011,86.9265976,106.9339981,134.6990051,207.5339966,43.1833992,34.4864006,194.2879944,58.26570129,25.44389915,0,1,0,0,0.0
71.54180145,1854.73999,5.689099789,171.3139954,112.387001,65.67630005,71.11489868,1688.050049,6.09815979,94.64299774,94.92120361,36.2826004,210.2830048,53.7663002,31.99970055,193.5379944,68.96600342,24.97410011,0,0,0,1,0.0
151.3059998,1366.569946,21.58550072,139.4730072,113.137001,219.2449951,154.5090027,1514.22998,26.20529938,86.95500183,107.1380005,125.0960007,206.6000061,43.48180008,28.72340012,186.1130066,59.3431015,23.15740013,1,0,0,0,0.0
73.30139923,1841.810059,5.895510197,160.4349976,111.552002,63.37960052,68.66899872,1682.790039,6.127460003,94.25980377,94.35030365,34.20220184,209.9570007,54.89339828,28.80400085,193.2480011,70.32330322,26.1685009,0,0,0,1,0.0
124.7570038,1504.540039,15.9758997,131.2259979,115.1809998,160.197998,129.5189972,1545.420044,20.42140007,85.12349701,109.8679962,103.6409988,202.5,46.76539993,28.37360001,188.173996,61.18379974,22.51099968,0,0,0,1,0.0
100.0759964,1653.040039,11.01200008,119.9110031,117.2910004,110.4160004,104.7939987,1554.099976,12.91419983,84.82710266,110.5690002,80.72229767,202.7409973,48.3246994,25.12450027,199.8289948,61.0033989,22.57600021,0,0,0,1,0.0
132.8670044,1450.079956,18.5060997,138.9570007,113.1900024,187.9909973,139.8760071,1516.930054,23.75259972,86.90080261,107.2040024,121.25,207.0319977,44.83670044,31.11619949,192.7050018,59.09159851,24.16360092,1,0,0,0,0.0
109.5309982,1589.939941,12.67800045,123.9580002,115.8529968,123.4599991,115.1969986,1550.130005,16.54500008,85.05539703,110.1579971,92.38680267,202.3009949,48.27180099,25.90990067,190.871994,60.79190063,21.89299965,1,0,0,0,0.0
113.2929993,1557.109985,14.81110001,146.7310028,107.3199997,144.6710052,118.2699966,1592.949951,18.64979935,93.84249878,102.2249985,88.3451004,209.0390015,51.30110168,34.23249817,192.2100067,69.95310211,26.92379951,0,1,0,0,0.0
143.1170044,1386.920044,21.05019951,145.0930023,112.6200027,219.5130005,150.5690002,1513.170044,27.11759949,86.9272995,106.9250031,135.2230072,207.5650024,43.14699936,34.69729996,194.5890045,58.21360016,25.53210068,0,0,0,1,0.0
140.345993,1395.300049,20.91670036,145.6199951,112.4309998,216.7489929,149.0240021,1512.890015,27.51070023,86.93209839,106.8679962,139.3699951,207.720993,43.05379868,35.79460144,197.0469971,57.74489975,26.06030083,0,1,0,0,0.0
117.302002,1552.339966,14.38189983,127.8939972,116.1100006,144.0339966,121.5899963,1548.390015,17.60309982,85.03399658,110.1279984,94.19159698,202.5740051,47.31930161,27.57329941,191.5119934,61.09189987,22.61860085,0,0,0,1,0.0
120.2990036,1520.209961,15.38259983,132.5529938,114.7330017,143.977005,127.5019989,1533.180054,20.34860039,85.95570374,108.913002,107.1719971,206.5650024,47.17229843,27.20059967,187.6459961,60.19350052,22.63769913,1,0,0,0,0.0
73.51049805,1820.890015,6.13944006,160.5299988,111.2440033,63.46640015,67.83329773,1682.51001,6.076429844,94.06829834,94.23639679,32.27709961,210.3769989,56.08250046,29.87599945,191.7940063,72.20089722,25.68110085,1,0,0,0,0.0
152.3869934,1362.75,21.76409912,139.1589966,113.1600037,220.2660065,155.1690063,1514.170044,26.27269936,86.96150208,107.1460037,124.8389969,206.5299988,43.43370056,28.35890007,185.6239929,59.38700104,23.00489998,1,0,0,0,0.0
80.57039642,1778.76001,7.550749779,145.9620056,115.4449997,77.50509644,78.88400269,1651.900024,8.039540291,87.39880371,100.2360001,47.54589844,213.4929962,52.76670074,27.45359993,197.279007,66.53749847,23.9538002,0,0,1,0,0.0
110.0360031,1576.849976,13.96189976,145.8049927,107.4860001,134.8899994,114.689003,1594.73999,17.28499985,93.8812027,102.2470016,81.19670105,208.8609924,51.99229813,33.23270035,190.5980072,71.20960236,26.6201992,0,1,0,0,0.0
74.24790192,1797.709961,6.289150238,157.2189941,109.8099976,63.1554985,68.20069885,1682.47998,6.258299828,93.9559021,94.09179688,27.87619972,210.5169983,57.43830109,30.17009926,190.7579956,75.76860046,25.98719978,0,0,0,1,0.0
76.18260193,1777.109985,7.07543993,152.1699982,108.4570007,56.51100159,69.50589752,1696.969971,6.409890175,94.1210022,93.44909668,23.54120064,212.3990021,61.23360062,27.94239998,185.4600067,79.76519775,24.83589935,1,0,0,0,0.0
111.7799988,1590.030029,13.19799995,125.1110001,117.0940018,131.8329926,115.2730026,1551.030029,15.09049988,84.95529938,110.3809967,85.27780151,202.6369934,47.68799973,26.76779938,194.496994,61.0182991,22.77619934,0,0,1,0,0.0
106.4280014,1623.430054,12.10840034,122.1529999,117.7210007,120.0,109.4950027,1553.130005,13.2567997,84.88009644,110.5719986,79.59329987,202.6889954,47.98789978,25.87439919,197.572998,60.97499847,22.91160011,0,0,0,1,0.0
130.1040039,1464.109985,18.08060074,138.6679993,113.189003,183.9369965,137.6239929,1517.369995,23.2942009,86.8839035,107.2129974,120.6149979,207.1159973,44.95709991,31.50860023,194.3099976,58.98870087,24.36170006,1,0,0,0,0.0
148.9400024,1357.949951,21.84469986,149.5700073,112.564003,236.8609924,155.5789948,1511.530029,27.79150009,86.89839935,106.8249969,136.3529968,207.9519958,42.6955986,36.85900116,192.8070068,58.4280014,25.79150009,0,1,0,0,0.0
125.1190033,1503.890015,16.06609917,131.5140076,115.3170013,164.3619995,129.3789978,1545.469971,20.32670021,85.07959747,109.8850021,103.1340027,202.6549988,46.58100128,29.26510048,189.5890045,61.29109955,22.77230072,0,0,0,1,0.0
74.66179657,1801.76001,6.481040001,157.0619965,109.1679993,58.58359909,65.01519775,1694.780029,6.002449989,94.1269989,93.31240082,26.38389969,212.2250061,59.58100128,28.32290077,189.5529938,77.18659973,25.21479988,1,0,0,0,0.0
103.7320023,1638.589966,11.60280037,120.5009995,117.8659973,114.5849991,106.651001,1553.98999,12.66899967,84.83139801,110.6470032,78.36669922,202.7440033,48.08480072,25.48570061,199.6390076,60.9803009,23.03030014,0,0,0,1,0.0
124.9660034,1504.449951,16.0258007,131.3679962,115.2789993,162.9349976,129.3760071,1545.48999,20.32959938,85.09220123,109.8820038,103.2009964,202.6049957,46.64120102,28.9435997,189.1670074,61.24969864,22.68400002,1,0,0,0,0.0
142.848999,1380.72998,21.54700089,147.9949951,112.3720016,225.1629944,151.6040039,1512.069946,28.05870056,86.94020081,106.810997,140.7929993,207.9309998,42.66189957,37.08869934,197.9290009,57.6548996,26.57489967,0,0,1,0,0.0
73.11859894,1829.880005,6.047679901,162.0599976,111.9410019,64.13809967,68.72740173,1683.459961,6.08164978,94.18479919,94.40820313,34.74209976,210.2879944,55.28549957,30.3743,192.4720001,70.31600189,25.68059921,0,1,0,0,0.0
122.9729996,1508.660034,15.92329979,132.6809998,114.7099991,152.7510071,129.4869995,1532.939941,20.64920044,85.91329956,108.8949966,108.0080032,206.7180023,46.64899826,27.67070007,189.3829956,60.04489899,22.9204998,1,0,0,0,0.0
74.00430298,1805.469971,6.242410183,158.3339996,110.310997,63.2118988,67.957901,1682.390015,6.185760021,93.98509979,94.12979889,29.33819962,210.4790039,57.01890182,30.02969933,191.0659943,74.57330322,25.86580086,1,0,0,0,0.0
76.39240265,1762.969971,6.412529945,144.3930054,105.6610031,58.64039993,72.36769867,1682.189941,6.682769775,93.19100189,92.52980042,21.67910004,211.1049957,60.75239944,31.42589951,188.6640015,82.06919861,27.62280083,1,0,0,0,0.0
75.27380371,1789.339966,6.182469845,144.7200012,103.0210037,44.3362999,72.75759888,1685.180054,6.833950043,93.37380219,92.42569733,19.14780045,211.6300049,64.04859924,33.3893013,197.6159973,85.40950012,28.0230999,0,1,0,0,0.0
73.2743988,1838.310059,5.976580143,160.6880035,111.5370026,63.20709991,67.66719818,1682.069946,6.037340164,94.16239929,94.2609024,33.84280014,210.0749969,55.10760117,28.71139908,192.8350067,70.68840027,25.80649948,0,0,0,1,0.0
73.76679993,1819.380005,6.404270172,162.822998,110.987999,60.7765007,55.90019989,1672.550049,5.349790096,93.21420288,93.1713028,28.49239922,211.0059967,58.30469894,26.96260071,189.5540009,74.65470123,24.34830093,1,0,0,0,0.0
73.27940369,1839.189941,5.956140041,160.5630035,111.538002,63.23149872,67.88829803,1682.209961,6.057290077,94.18309784,94.27899933,33.92879868,210.0440063,55.05279922,28.70549965,192.9190063,70.59989929,25.88019943,0,0,0,1,0.0
74.6312027,1803.189941,6.42745018,156.4539948,109.0350037,58.4701004,65.90110016,1695.75,6.058430195,94.21240234,93.39890289,26.63479996,212.1199951,59.35760117,28.71699905,190.0269928,77.06790161,25.43180084,1,0,0,0,0.0
111.8509979,1589.77002,13.21140003,125.1419983,117.1080017,132.0110016,115.3119965,1551.030029,15.08310032,84.95500183,110.3820038,85.20510101,202.6390076,47.68190002,26.78720093,194.5019989,61.0196991,22.78420067,1,0,0,0,0.0
73.69950104,1828.569946,6.643430233,168.4299927,111.223999,60.98619843,43.43579865,1663.189941,4.713270187,92.4865036,92.26439667,28.14319992,211.1959991,58.33330154,26.49620056,189.6699982,74.59799957,23.89100075,1,0,0,0,0.0
96.07420349,1698.069946,10.27320004,136.9100037,116.2009964,101.072998,98.12090302,1653.359985,10.5710001,91.41449738,111.0950012,64.39240265,197.2630005,48.64120102,27.11289978,197.6380005,63.22909927,23.58679962,0,0,1,0,0.0
105.3639984,1629.280029,11.9076004,121.5459976,117.7570038,117.8560028,108.4410019,1553.430054,13.04500008,84.86419678,110.5960007,79.18939972,202.7030029,48.03269958,25.71190071,198.25,60.97510147,22.93379974,0,0,1,0,0.0
74.08560181,1805.719971,6.275440216,158.322998,110.3440018,62.71929932,67.27050018,1681.73999,6.130159855,93.93070221,94.06060028,29.04789925,210.5209961,57.22729874,29.62509918,190.7059937,74.73799896,25.73139954,0,0,0,1,0.0
118.1070023,1548.380005,14.55080032,128.2570038,116.1480026,146.5050049,122.1839981,1548.25,17.70260048,85.02899933,110.125,94.28600311,202.6080017,47.22079849,27.8397007,191.6340027,61.12229919,22.69540024,0,0,0,1,0.0
74.41790009,1797.869995,6.357520103,157.197998,109.9430008,62.22909927,67.16020203,1681.439941,6.170040131,93.86419678,93.9858017,27.5182991,210.5980072,57.81999969,29.50110054,190.0160065,75.95159912,25.74130058,0,0,0,1,0.0
145.5899963,1374.719971,21.46780014,146.2189941,112.5930023,225.8000031,152.7769928,1512.609985,27.45289993,86.92559814,106.8929977,135.8670044,207.6410065,42.90430069,35.12870026,194.173996,58.2356987,25.63310051,0,0,0,1,0.0
108.3059998,1612.939941,12.47229958,123.1940002,117.6470032,123.987999,111.3300018,1552.589966,13.6633997,84.90409851,110.5299988,80.46019745,202.673996,47.89490128,26.18980026,196.5429993,60.98180008,22.89299965,0,0,1,0,0.0
116.3239975,1572.810059,14.52060032,151.1580048,109.2770004,142.6640015,110.1679993,1511.439941,16.90519905,84.64459991,91.50050354,71.08000183,219.322998,53.68989944,31.5177002,187.2910004,74.08760071,25.18449974,1,0,0,0,0.0
119.4869995,1541.22998,14.84290028,128.927002,116.1880035,150.8159943,123.2470016,1547.969971,17.92779922,85.02269745,110.1139984,94.64920044,202.6660004,47.05979919,28.3512001,191.7680054,61.18040085,22.81979942,1,0,0,0,0.0
137.1690063,1417.98999,19.91150093,142.6679993,112.711998,204.8800049,145.1860046,1514.52002,26.04870033,86.915802,107.0,132.6269989,207.4340057,43.770401,33.81980133,195.3150024,58.25260162,25.25289917,1,0,0,0,0.0
75.01629639,1798.959961,6.434380054,151.9149933,107.6399994,56.16559982,68.5388031,1677.699951,6.300970078,93.10169983,92.30049896,26.33880043,211.1750031,59.52500153,29.69849968,192.2960052,78.14070129,26.44569969,1,0,0,0,0.0
73.96549988,1804.209961,6.222690105,158.2259979,110.2139969,63.59479904,68.45580292,1682.849976,6.236420155,94.01779938,94.17279816,29.36190033,210.4579926,56.9272995,30.35980034,191.3040009,74.61199951,25.97610092,1,0,0,0,0.0
115.7649994,1553.079956,15.11310005,144.404007,106.3550034,145.947998,119.7279968,1600.72998,18.26549911,92.95330048,100.3710022,85.42259979,208.2689972,51.2262001,34.02190018,192.3769989,70.69979858,26.88769913,0,1,0,0,0.0
73.26760101,1824.359985,6.071489811,161.1829987,111.7839966,64.22389984,68.89920044,1683.530029,6.124929905,94.1631012,94.39550018,34.26699829,210.3209991,55.5503006,30.58379936,192.276001,70.73490143,25.78630066,0,1,0,0,0.0
111.112999,1597.189941,13.03120041,124.689003,117.5510025,130.4329987,113.9840012,1551.829956,14.29189968,84.93099976,110.473999,81.83950043,202.6759949,47.72480011,26.73730087,195.3370056,61.00839996,22.90970039,0,0,0,1,0.0
73.28199768,1835.410034,6.029129982,160.9920044,111.5169983,63.12390137,67.06950378,1681.699951,5.988689899,94.1026001,94.20870209,33.49879837,210.1730042,55.34189987,28.77420044,192.5189972,71.00900269,25.62899971,0,0,0,1,0.0
141.6929932,1387.660034,21.2364006,146.6699982,112.4020004,220.9230042,150.3690033,1512.48999,27.79319954,86.936203,106.8420029,140.0870056,207.8070068,42.86119843,36.3429985,197.3480072,57.70510101,26.27770042,0,1,0,0,0.0
73.69539642,1828.930054,6.637330055,168.2400055,111.2229996,60.99140167,43.4817009,1663.25,4.712550163,92.49259949,92.27110291,28.20219994,211.1750031,58.28630066,26.4871006,189.6410065,74.54850006,23.88629913,1,0,0,0,0.0
75.4552002,1784.77002,6.297160149,146.697998,103.7929993,49.89550018,71.75689697,1682.97998,6.746729851,93.25240326,92.42710114,19.82589912,211.4129944,62.38579941,32.19380188,194.2070007,84.34259796,27.51790047,0,1,0,0,0.0
75.27680206,1785.51001,6.200839996,145.1529999,103.2060013,46.77190018,72.64129639,1684.790039,6.826769829,93.35420227,92.44120026,19.30949974,211.5679932,63.51639938,33.28720093,196.8600006,85.14430237,27.98940086,0,1,0,0,0.0
75.44789886,1785.790039,6.311560154,147.0829926,103.9069977,50.15530014,71.54620361,1682.660034,6.726379871,93.23809814,92.41889954,19.98349953,211.3970032,62.22629929,31.98929977,193.9680023,84.16239929,27.42070007,0,1,0,0,0.0
129.2969971,1468.300049,17.95980072,138.5820007,113.1869965,182.8179932,136.9680023,1517.48999,23.15360069,86.87860107,107.2160034,120.4509964,207.1419983,44.98460007,31.62890053,194.8159943,58.95119858,24.42379951,1,0,0,0,0.0
135.4989929,1423.140015,19.81049919,142.8509979,112.5500031,203.3529968,144.3139954,1514.199951,26.36249924,86.91320038,106.9520035,136.0829926,207.5350037,43.67810059,34.45460129,196.7539978,57.90140152,25.53580093,1,0,0,0,0.0
73.04799652,1792.650024,6.116660118,171.3119965,110.2529984,59.58610153,66.76809692,1691.439941,6.069759846,93.87349701,93.09760284,25.51989937,214.3130035,62.55619812,26.46980095,192.1419983,77.91829681,24.06110001,1,0,0,0,0.0
117.9430008,1539.199951,14.1552,121.362999,115.461998,149.1309967,119.2360001,1549.880005,17.41060066,85.07810211,110.0350037,95.41400146,202.1040039,47.16040039,26.46529961,191.8899994,60.14110184,21.05010033,0,0,0,1,0.0
72.17050171,1848.619995,5.899230003,167.7559967,112.3010025,65.30190277,70.71420288,1686.430054,6.090260029,94.54260254,94.77619934,36.43059921,210.0780029,53.5780983,31.08860016,194.4989929,68.92839813,25.48769951,0,0,0,1,0.0
73.873703,1816.569946,6.333230019,160.7100067,110.8740005,61.06999969,60.68719864,1676.26001,5.637720108,93.51409912,93.53859711,28.93950081,210.8070068,57.91730118,27.55260086,189.7550049,74.45050049,24.75309944,0,0,0,1,0.0
75.93910217,1774.920044,6.460949898,147.1100006,105.8119965,55.99990082,71.10379791,1680.920044,6.613649845,93.14589691,92.41999817,21.99699974,211.2740021,61.05810165,30.93230057,190.2380066,81.84459686,27.04190063,1,0,0,0,0.0
124.5739975,1505.890015,15.93690014,131.147995,115.2180023,160.1620026,129.2720032,1545.52002,20.3314991,85.11589813,109.8769989,103.3280029,202.5189972,46.76229858,28.43889999,188.4250031,61.19039917,22.53960037,1,0,0,0,0.0
162.779007,1324.52002,23.64579964,138.2310028,113.151001,236.8760071,162.7030029,1512.880005,27.45590019,86.96549988,107.1190033,126.3509979,206.345993,42.65019989,27.15559959,184.1730042,59.43099976,22.59149933,1,0,0,0,0.0
124.9059982,1505.119995,16.01759911,131.3919983,115.3249969,163.5010071,129.2070007,1545.540039,20.26440048,85.0821991,109.8899994,102.9410019,202.6390076,46.61470032,29.13209915,189.5099945,61.27389908,22.74349976,1,0,0,0,0.0
138.0749969,1424.180054,19.38500023,139.6210022,113.1549988,197.1549988,144.2050018,1516.01001,24.61510086,86.92359924,107.1729965,123.0149994,206.9320068,44.47029877,30.64839935,190.5420074,59.16590118,23.92939949,0,0,0,1,0.0
96.8361969,1649.119995,11.6232996,153.0370026,106.8960037,113.0319977,94.93990326,1596.359985,14.33790016,87.80989838,91.97109985,62.63970184,226.7830048,56.47719955,35.68600082,197.9620056,74.87599945,27.7682991,0,1,0,0,0.0
162.8249969,1323.609985,23.63999939,138.5319977,113.1200027,237.9210052,163.0240021,1512.780029,27.51119995,86.95680237,107.1039963,126.8349991,206.401001,42.60300064,27.3701992,184.3390045,59.39160156,22.71150017,1,0,0,0,0.0
121.1729965,1525.560059,16.39019966,142.9980011,107.0790024,158.177002,127.6340027,1535.140015,20.97240067,89.23539734,103.9720001,100.9000015,206.9649963,50.98680115,34.62329865,196.1670074,68.33540344,26.27190018,0,1,0,0,0.0
113.8769989,1569.569946,13.65989971,126.4140015,116.0419998,134.5169983,118.8619995,1549.089966,17.08279991,85.04419708,110.151001,93.22640228,202.4649963,47.72069931,26.75219917,191.3110046,60.98970032,22.35880089,1,0,0,0,0.0
146.0039978,1371.030029,21.14049911,153.5820007,112.6760025,235.7899933,150.8480072,1511.560059,27.52230072,86.85900116,106.8170013,135.1490021,208.4880066,43.58029938,39.65129852,191.7630005,58.89479828,25.68400002,0,1,0,0,0.0
73.34670258,1829.650024,6.097080231,161.272995,111.4589996,63.16559982,66.96289825,1681.77002,5.98210001,94.06140137,94.19280243,32.96569824,210.3040009,55.71480179,29.17250061,192.1130066,71.52619934,25.5366993,0,0,0,1,0.0
74.38890076,1797.849976,6.344520092,157.1840057,109.9199982,62.39910126,67.36389923,1681.640015,6.186349869,93.88249969,94.00650024,27.58790016,210.5800018,57.74440002,29.62389946,190.1529999,75.9138031,25.79030037,1,0,0,0,0.0
109.5839996,1605.849976,12.72399998,123.8789978,117.6110001,126.8460007,112.5350037,1552.25,13.93309975,84.917099,110.5059967,81.01390076,202.6730042,47.82160187,26.42810059,195.9640045,60.99140167,22.89819908,0,0,1,0,0.0
73.895401,1815.880005,6.342599869,160.7279968,110.8560028,61.03630066,60.70819855,1676.25,5.642300129,93.51000214,93.53540039,28.83370018,210.8220062,57.97489929,27.55879974,189.7220001,74.53900146,24.75359917,0,0,0,1,0.0
75.22840118,1793.280029,6.395830154,149.9889984,105.9089966,53.67539978,69.84809875,1679.829956,6.49409008,93.15720367,92.35549927,23.33259964,211.2579956,60.63349915,30.58869934,192.8430023,80.94159698,26.82180023,1,0,0,0,0.0
102.7020035,1645.380005,11.40320015,119.4189987,118.0759964,112.0559998,105.0419998,1554.589966,12.28190041,84.79029846,110.7210007,77.29879761,202.8040009,48.08129883,25.33810043,201.3339996,60.98609924,23.25469971,0,1,0,0,0.0
104.0159988,1637.060059,11.65410042,120.6780014,117.8580017,115.1240005,106.947998,1553.910034,12.71640015,84.83699799,110.6399994,78.42919922,202.7369995,48.07600021,25.52249908,199.3990021,60.97890091,23.01609993,0,0,1,0,0.0
73.25969696,1836.099976,6.025320053,161.1600037,111.5500031,63.23180008,67.33999634,1681.949951,6.003349781,94.13030243,94.23999786,33.69210052,210.1490021,55.21989822,28.8458004,192.7050018,70.86750031,25.67810059,0,0,0,1,0.0
75.14350128,1795.619995,6.478740215,151.9980011,107.8040009,56.73789978,68.0802002,1677.189941,6.272379875,93.04340363,92.25749969,25.87120056,211.2409973,59.7159996,29.41220093,191.2660065,78.33119965,26.24270058,1,0,0,0,0.0
72.95709991,1834.76001,6.018249989,162.9259949,112.0670013,64.22200012,68.82029724,1683.640015,6.063680172,94.2263031,94.44609833,35.24560165,210.2420044,54.96279907,30.31340027,192.8000031,69.89499664,25.62879944,0,1,0,0,0.0
73.29419708,1832.73999,6.067930222,161.3150024,111.5110016,63.17089844,66.97930145,1681.73999,5.978199959,94.08270264,94.20310211,33.29389954,210.2440033,55.50090027,28.99270058,192.3529968,71.22730255,25.56389999,0,0,0,1,0.0
74.64369965,1802.579956,6.45445013,156.7769928,109.1169968,58.55400085,65.40660095,1695.219971,6.025619984,94.16729736,93.35310364,26.52860069,212.1719971,59.45800018,28.50060081,189.7740021,77.10369873,25.31509972,1,0,0,0,0.0
110.1490021,1602.560059,12.83810043,124.1829987,117.5749969,128.151001,113.0930023,1552.079956,14.08370018,84.92299652,110.4909973,81.40589905,202.6719971,47.78699875,26.53680038,195.7059937,60.99720001,22.89710045,0,0,0,1,0.0
113.163002,1566.170044,13.20899963,121.7590027,115.5449982,134.3890076,116.5670013,1550.280029,17.02070045,85.07170105,110.0849991,94.11720276,202.1329956,47.89889908,26.02330017,190.9019928,60.36309814,21.31349945,0,0,0,1,0.0
145.7220001,1374.449951,21.46509933,146.1040039,112.6029968,225.7810059,152.8359985,1512.640015,27.42519951,86.92510223,106.8980026,135.6459961,207.6239929,42.91479874,35.01340103,193.9929962,58.26060104,25.5848999,0,1,0,0,0.0
98.19509888,1686.670044,10.41469955,134.6829987,116.4349976,105.137001,101.8470001,1595.02002,11.1157999,87.69329834,110.2180023,64.77649689,198.0809937,49.23479843,27.32749939,194.6880035,63.81890106,23.0461998,0,0,1,0,0.0
109.1429977,1604.51001,12.67059994,123.814003,117.151001,125.9199982,112.8939972,1551.719971,14.5387001,84.93569946,110.4250031,84.04699707,202.6230011,47.87030029,26.26740074,195.3540039,60.98619843,22.70689964,0,0,0,1,0.0
75.82859802,1782.579956,6.805180073,152.2310028,108.2939987,57.19919968,68.0530014,1676.050049,6.305990219,92.85970306,92.18599701,24.31640053,211.5670013,60.71670151,28.2493,187.1329956,79.21530151,25.3118,1,0,0,0,0.0
74.00830078,1804.930054,6.241079807,158.2680054,110.2740021,63.27349854,68.05529785,1682.47998,6.197430134,93.98960114,94.13569641,29.28039932,210.477005,57.02090073,30.09140015,191.0930023,74.63020325,25.88990021,0,0,0,1,0.0
75.88880157,1775.790039,6.453179836,147.2339935,105.762001,55.76879883,71.05740356,1680.920044,6.612520218,93.14859772,92.41560364,21.97590065,211.2819977,61.09000015,30.96619987,190.4859924,81.88600159,27.04780006,1,0,0,0,0.0
75.32420349,1783.359985,6.222089767,145.4539948,103.3779984,48.32569885,72.49909973,1684.380005,6.813519955,93.33070374,92.44779968,19.45400047,211.5149994,63.1271019,33.09680176,196.0789948,84.91069794,27.92300034,0,1,0,0,0.0
117.6989975,1519.829956,15.57180023,146.1759949,109.7210007,161.7230072,124.4089966,1532.800049,19.85390091,90.00759888,105.0619965,97.27159882,206.5870056,47.74679947,34.23139954,195.5079956,65.59079742,25.96820068,1,0,0,0,0.0
74.97029877,1800.310059,6.42057991,151.904007,107.5810013,55.92029953,68.728302,1677.890015,6.313310146,93.12349701,92.31780243,26.55340004,211.1499939,59.44739914,29.80019951,192.6820068,78.05000305,26.51810074,0,0,0,1,0.0
105.086998,1630.920044,11.85449982,121.3700027,117.7829971,117.2829971,108.1309967,1553.530029,12.9691,84.8588028,110.6060028,78.99330139,202.7100067,48.04240036,25.67169952,198.477005,60.9754982,22.95000076,0,0,0,1,0.0
140.8580017,1398.27002,20.64369965,144.1920013,112.6449966,214.0019989,148.5610046,1513.650024,26.77540016,86.92520142,106.9499969,134.5410004,207.5149994,43.37080002,34.38970184,194.9309998,58.20479965,25.44560051,1,0,0,0,0.0
74.42320251,1800.22998,6.553770065,160.5310059,109.6080017,58.87649918,62.47520065,1691.810059,5.846680164,93.8852005,93.05860138,25.98250008,212.6569977,60.28559875,27.40629959,189.2480011,77.34790039,24.63150024,1,0,0,0,0.0
106.2860031,1619.780029,12.59560013,145.7599945,113.7320023,120.1269989,100.9410019,1427.040039,14.0163002,81.08779907,95.05310059,71.125,204.7689972,52.76490021,25.99979973,182.7180023,69.27480316,22.09420013,0,0,0,1,0.0
76.15339661,1769.51001,6.45250988,145.9629974,105.737999,57.05770111,71.68029785,1681.47998,6.652140141,93.16410065,92.46600342,21.79540062,211.2169952,60.98360062,31.13249969,189.5140076,81.99590302,27.2451992,1,0,0,0,0.0
73.97899628,1797.73999,6.477940083,164.6060028,109.8929977,59.11790085,62.37210083,1690.420044,5.851560116,93.77469635,92.94989777,25.67880058,213.2059937,61.12009811,26.92259979,189.9830017,77.60399628,24.30879974,1,0,0,0,0.0
75.7460022,1779.540039,6.450590134,147.9550018,105.8310013,55.20270157,70.6740036,1680.550049,6.581099987,93.13909912,92.38960266,22.19610023,211.3009949,61.06420135,30.8288002,190.9340057,81.71179962,26.94169998,1,0,0,0,0.0
118.4400024,1531.050049,15.76159954,146.2189941,107.2559967,156.1750031,123.7080002,1544.52002,19.86020088,91.83879852,102.4929962,94.1855011,210.7160034,50.63660049,35.04050064,197.6999969,68.71690369,26.75919914,0,1,0,0,0.0
125.0650024,1503.98999,16.04929924,131.4360046,115.2870026,163.552002,129.4219971,1545.469971,20.34269905,85.08799744,109.8820038,103.223999,202.6230011,46.61560059,29.06150055,189.3049927,61.26449966,22.71509933,0,0,0,1,0.0
74.30930328,1798.099976,6.314010143,157.2310028,109.8830032,62.78620148,67.78829956,1682.069946,6.219860077,93.92220306,94.05220032,27.79199982,210.5440063,57.56740189,29.89480019,190.4750061,75.79129791,25.88940048,1,0,0,0,0.0
112.0159988,1578.390015,13.25619984,125.5680008,115.9670029,129.473999,117.3909988,1549.459961,16.86849976,85.05190277,110.1539993,92.93669891,202.3990021,47.96060181,26.38010025,191.072998,60.92580032,22.19109917,1,0,0,0,0.0
73.17189789,1828.01001,6.056580067,161.7539978,111.8949966,64.15229797,68.76709747,1683.469971,6.094270229,94.17549896,94.40209961,34.58729935,210.3009949,55.38349915,30.43740082,192.3869934,70.45210266,25.71220016,0,1,0,0,0.0
124.9629974,1504.930054,16.03389931,131.4579926,115.3450012,164.1289978,129.1940002,1545.530029,20.25909996,85.07640076,109.8909988,102.8939972,202.6620026,46.5882988,29.28389931,189.7070007,61.29399872,22.78520012,1,0,0,0,0.0
72.40170288,1846.0,5.940269947,166.2929993,112.2699966,65.02780151,70.26370239,1685.579956,6.085340023,94.46320343,94.68830109,36.3506012,210.0780029,53.80390167,30.7696991,194.2839966,69.00489807,25.5909996,0,0,0,1,0.0
76.19689941,1768.380005,6.448190212,145.7079926,105.7229996,57.30799866,71.80090332,1681.599976,6.658949852,93.16850281,92.47640228,21.76519966,211.201004,60.95489883,31.17849922,189.3630066,82.01740265,27.29800034,1,0,0,0,0.0
75.71479797,1780.280029,6.447490215,148.0740051,105.8249969,55.07260132,70.61660004,1680.51001,6.576690197,93.13909912,92.38580322,22.22470093,211.3029938,61.06309891,30.82040024,191.0559998,81.69660187,26.93230057,1,0,0,0,0.0
113.2330017,1559.219971,14.36460018,143.6179962,107.572998,139.6190033,118.1490021,1578.650024,18.23259926,92.79810333,102.3479996,86.06659698,209.2180023,51.69340134,33.94150162,194.4149933,69.0848999,27.44490051,1,0,0,0,0.0
86.53739929,1735.670044,8.798930168,145.4980011,113.1429977,91.64969635,83.41899872,1629.630005,9.622320175,88.43470001,97.82710266,57.36190033,212.2599945,52.65670013,27.5428009,195.6349945,66.73200226,23.1093998,0,0,1,0,0.0
107.310997,1614.099976,12.31589985,122.947998,117.1449966,122.2210007,111.3180008,1552.140015,14.23649979,84.92120361,110.4469986,83.52780151,202.6190033,47.98479843,25.95940018,195.9550018,60.97240067,22.64220047,0,0,0,1,0.0
72.99720001,1833.569946,6.025320053,162.7039948,112.0449982,64.19589996,68.78469849,1683.579956,6.066899776,94.21450043,94.43589783,35.1413002,210.2550049,55.04740143,30.32780075,192.7050018,69.98349762,25.6385994,0,0,1,0,0.0
102.9990005,1637.180054,11.51659966,121.0250015,117.211998,114.7539978,107.4960022,1553.27002,13.45199966,84.87149811,110.5159988,81.89230347,202.6589966,48.19649887,25.38249969,197.9149933,60.97729874,22.55529976,0,0,0,1,0.0
116.2870026,1557.52002,14.16870022,127.4499969,116.0930023,141.1329956,120.7839966,1548.599976,17.43899918,85.03720093,110.1360016,93.87840271,202.5399933,47.43669891,27.30050087,191.4559937,61.06019974,22.54159927,0,0,0,1,0.0
75.2609024,1792.349976,6.398829937,149.8540039,105.8799973,53.69910049,69.88629913,1679.880005,6.500619888,93.15460205,92.3553009,23.18899918,211.2669983,60.69660187,30.61120033,192.7319946,81.04699707,26.82649994,1,0,0,0,0.0
135.6269989,1426.400024,19.60379982,142.0850067,112.7399979,201.2400055,143.7839966,1514.869995,25.72450066,86.91020203,107.0199966,131.7830048,207.4109955,43.92789841,33.62860107,195.5469971,58.26919937,25.18910027,1,0,0,0,0.0
75.17510223,1794.810059,6.391550064,150.2169952,105.9769974,53.67959976,69.78829956,1679.72998,6.482460022,93.16169739,92.35669708,23.61459923,211.2409973,60.51279831,30.54640007,193.0180054,80.72979736,26.81360054,1,0,0,0,0.0
75.2507019,1793.160034,6.515140057,151.9880066,107.862999,56.97919846,67.89710236,1676.939941,6.266349792,93.00769806,92.23539734,25.51079941,211.2899933,59.87799835,29.24399948,190.5690002,78.5298996,26.11459923,1,0,0,0,0.0
142.8159943,1375.540039,22.05480003,152.3190002,112.2919998,231.5630035,152.4609985,1511.189941,28.50639915,86.95980072,106.7200012,142.4750061,208.4389954,42.26119995,39.79520035,201.8370056,57.41030121,27.82410049,0,1,0,0,0.0
73.55889893,1817.699951,6.1427598,160.1380005,111.1360016,63.69250107,68.26940155,1682.869995,6.126760006,94.08119965,94.26239777,32.07720184,210.3840027,56.15470123,30.18090057,191.7960052,72.41300201,25.78059959,1,0,0,0,0.0
109.4970016,1588.319946,12.58189964,122.8479996,115.7170029,123.689003,114.7939987,1550.380005,16.59630013,85.06150055,110.1380005,92.73809814,202.2189941,48.32229996,25.77129936,190.6260071,60.6413002,21.64100075,1,0,0,0,0.0
74.11660004,1797.939941,6.24616003,157.378006,109.7429962,63.74209976,68.77020264,1683.050049,6.310339928,94.00640106,94.15380096,28.16180038,210.4779968,57.20640182,30.58639908,191.2230072,75.61289978,26.11179924,1,0,0,0,0.0
110.7229996,1595.839966,12.98509979,124.5910034,117.1139984,129.3840027,114.3249969,1551.300049,14.86979961,84.94830322,110.3980026,84.79109955,202.6289978,47.76449966,26.55629921,194.8139954,61.00350189,22.7458992,0,0,0,1,0.0
74.08409882,1809.800049,6.318610191,159.0549927,110.5920029,61.7594986,65.04440308,1679.790039,5.948470116,93.78199768,93.87460327,28.94630051,210.6340027,57.57440186,28.64509964,190.1260071,74.65660095,25.32329941,0,0,0,1,0.0
76.97920227,1770.449951,7.730010033,147.1300049,108.387001,55.02700043,71.16850281,1698.5,6.499519825,94.14479828,93.58000183,23.06279945,212.1690063,61.58919907,27.91670036,183.4940033,80.27940369,24.45000076,1,0,0,0,0.0
73.40239716,1826.839966,6.117060184,161.1080017,111.3980026,63.19990158,67.11730194,1681.920044,6.000699997,94.05419922,94.19609833,32.69739914,210.3410034,55.87189865,29.35810089,191.951004,71.77480316,25.55260086,1,0,0,0,0.0
120.0279999,1538.140015,14.95960045,129.2019958,116.1740036,152.4649963,123.7149963,1547.810059,18.06520081,85.02230072,110.1039963,95.01129913,202.6840057,47.00080109,28.54809952,191.7519989,61.20349884,22.85639954,0,0,0,1,0.0
145.1820068,1392.599976,20.52739906,139.5460052,113.1660004,208.4519958,149.7259979,1515.079956,25.4442997,86.94750214,107.1610031,123.8349991,206.7140045,43.99449921,29.42589951,187.5800018,59.32189941,23.41600037,1,0,0,0,0.0
118.6500015,1546.040039,14.66349983,128.5149994,116.2200012,148.3849945,122.5039978,1548.219971,17.70660019,85.02200317,110.1320038,94.03839874,202.6430054,47.14720154,28.08639908,191.8359985,61.15000153,22.77269936,1,0,0,0,0.0
74.48300171,1798.189941,6.394549847,157.3470001,110.0270004,61.74200058,66.49900055,1680.790039,6.117539883,93.80709839,93.92120361,27.35280037,210.6560059,58.04050064,29.13529968,189.6390076,76.03269958,25.58279991,0,0,0,1,0.0
124.776001,1505.48999,15.98349953,131.2689972,115.2809982,162.1499939,129.2330017,1545.540039,20.28389931,85.09519958,109.8860016,103.0719986,202.5899963,46.67279816,28.82900047,189.0789948,61.2356987,22.65719986,0,0,0,1,0.0
106.8939972,1620.77002,12.19849968,122.4199982,117.6940002,120.9749985,109.9690018,1552.97998,13.3671999,84.88690186,110.5599976,79.85160065,202.6829987,47.96680069,25.94869995,197.2839966,60.97589874,22.90089989,0,0,1,0,0.0
128.3509979,1473.829956,17.77910042,138.3309937,113.2139969,181.0059967,136.098999,1517.73999,22.88920021,86.87259674,107.2289963,119.6139984,207.147995,45.06240082,31.61310005,195.1679993,58.9632988,24.43059921,1,0,0,0,0.0
72.87999725,1836.670044,6.003509998,163.3170013,112.1320038,64.3132019,68.95890045,1683.810059,6.063159943,94.25090027,94.4733963,35.51340103,210.220993,54.80759811,30.35390091,192.9640045,69.68199921,25.61849976,0,0,1,0,0.0
143.3240051,1375.719971,21.87220001,150.2339935,112.3209991,229.5339966,152.4790039,1511.530029,28.35960007,86.94809723,106.7600021,141.8860016,208.1799927,42.41960144,38.49369812,199.6390076,57.52890015,27.17989922,0,1,0,0,0.0
105.5080032,1623.640015,11.97490025,122.1200027,117.1569977,118.9189987,109.7460022,1552.589966,13.92329979,84.90329742,110.4729996,82.91999817,202.625,48.08250046,25.69339943,196.6609955,60.96770096,22.58950043,0,0,0,1,0.0
131.3500061,1457.930054,18.2548008,138.7359924,113.1999969,185.4980011,138.6029968,1517.209961,23.47260094,86.89209747,107.2129974,120.6760025,207.0659943,44.92630005,31.26079941,193.4519958,59.06010056,24.24110031,0,0,0,1,0.0
73.97969818,1804.560059,6.229199886,158.2519989,110.2429962,63.47280121,68.3065033,1682.709961,6.221020222,94.00779724,94.1595993,29.34790039,210.4649963,56.95750046,30.25690079,191.227005,74.60500336,25.94280052,0,0,1,0,0.0
74.50309753,1798.329956,6.40929985,157.4429932,110.060997,61.5542984,66.21489716,1680.51001,6.095779896,93.78269958,93.89379883,27.28739929,210.6820068,58.13259888,28.99090004,189.4989929,76.06559753,25.51569939,1,0,0,0,0.0
74.08429718,1807.079956,6.285079956,158.5130005,110.4300003,62.46910095,66.7881012,1681.319946,6.085790157,93.90070343,94.02259827,29.09490013,210.5410004,57.28480148,29.37520027,190.5670013,74.6588974,25.63260078,0,0,0,1,0.0
